1
4
6
8
10
12
14
16
18
20
22
24
26
28
30
34
35
37
39
41
43
45
47
49
51
53
55
56
58
60
62
65
66
68
70
72
74
76
78
80
82
84
86
87
89
91
93
95
97
101
103
105
107
111
113
115
117
119
121
123
125
127
129
131
134
136
138
140
142
145
147
149
151
153
155
157
159
161
163
165
167
168
170
172
174
176
178
180
182
184
186
188
190
191
193
195
197
199
201
202
205
206
208
210
212
214
216
218
221
224
226
228
229
231
233
235
237
239
241
243
245
247
249
251
252
254
256
258
260
262
264
265
267
269
271
273
275
277
278
280
282
284
286
288
290
292
294
295
297
299
301
303
305
307
309
311
313
315
317
318
320
322
324
326
328
330
332
333
335
337
339
341
343
345
347
349
351
353
355
356
358
360
362
364
366
368
370
371
373
375
377
379
381
383
385
387
388
390
392
394
396
398
400
402
404
405
407
409
