depth	min	max	median	mean
1	-49	0	-35	-32
4	-42	147	8	19
6	-28	209	37	51
8	-14	238	70	81
10	-3	295	98	111
12	23	331	136	146
14	38	382	172	181
16	61	432	206	217
18	83	462	244	252
20	98	522	279	287
22	135	551	312	321
24	158	588	349	355
26	192	620	384	391
28	223	657	425	427
30	243	707	461	464
34	309	761	533	534
35	319	787	552	552
37	361	812	587	585
39	382	847	620	617
41	423	878	653	651
43	466	915	688	685
45	492	952	722	720
47	547	977	753	754
49	590	1005	787	788
51	629	1035	818	821
53	684	1069	850	854
55	725	1113	883	886
56	794	1159	918	925
58	839	1275	983	1002
60	863	1487	1049	1080
62	936	1615	1169	1195
65	981	2075	1310	1367
66	1034	2090	1363	1418
68	1098	2145	1482	1519
70	1141	2264	1587	1621
72	1243	2332	1686	1716
74	1302	2422	1789	1812
76	1405	2506	1894	1915
78	1515	2575	2017	2026
80	1587	2677	2130	2136
82	1696	2711	2228	2232
84	1771	2758	2330	2328
86	1875	2810	2431	2429
87	1963	2819	2496	2482
89	2098	2850	2676	2587
91	2170	2905	2775	2655
93	2202	2939	2792	2685
95	2233	2979	2804	2716
97	2274	3000	2826	2746
101	2370	3071	2864	2806
103	2422	3097	2887	2837
105	2466	3138	2911	2868
107	2506	3149	2936	2897
111	2604	3195	2986	2956
113	2647	3217	3012	2986
115	2683	3249	3038	3016
117	2742	3266	3063	3047
119	2796	3290	3091	3078
121	2850	3313	3115	3109
123	2905	3332	3138	3138
125	2949	3359	3167	3168
127	3013	3387	3204	3210
129	3058	3445	3246	3253
131	3101	3496	3294	3298
134	3153	3590	3373	3369
136	3208	3655	3421	3422
138	3264	3698	3479	3479
140	3295	3782	3537	3536
142	3373	3819	3589	3589
145	3430	3896	3670	3669
147	3555	3938	3724	3727
149	3620	3986	3782	3786
151	3669	4075	3843	3850
153	3708	4187	3908	3917
155	3730	4339	3967	3985
157	3803	4396	4043	4058
159	3842	4478	4118	4131
161	3895	4560	4192	4203
163	3947	4625	4270	4276
165	3979	4736	4346	4349
167	4058	4779	4420	4421
168	4084	4808	4460	4458
170	4126	4893	4539	4530
172	4195	4936	4606	4594
174	4243	4994	4676	4658
176	4329	5047	4744	4727
178	4419	5083	4816	4800
180	4482	5151	4892	4874
182	4674	5189	4959	4949
184	4809	5241	5029	5025
186	4878	5294	5084	5084
188	4915	5334	5129	5128
190	4937	5402	5168	5171
191	4960	5419	5189	5190
193	4997	5457	5227	5228
195	5021	5526	5262	5267
197	5061	5559	5301	5305
199	5092	5602	5339	5342
201	5126	5648	5375	5380
202	5151	5663	5395	5398
205	5196	5721	5451	5453
206	5223	5736	5470	5472
208	5265	5758	5509	5510
210	5288	5800	5549	5548
212	5345	5831	5586	5587
214	5384	5868	5625	5625
216	5437	5911	5664	5663
218	5492	5944	5702	5702
221	5563	6033	5762	5759
224	5641	6099	5820	5817
226	5699	6177	5890	5892
228	5748	6378	5978	6004
229	5765	6524	6025	6060
231	5823	6723	6124	6167
233	5884	6843	6235	6270
235	5918	6996	6332	6373
237	6014	7107	6435	6472
239	6067	7242	6544	6572
241	6141	7360	6646	6668
243	6212	7443	6744	6761
245	6271	7555	6836	6855
247	6392	7645	6945	6961
249	6453	7749	7058	7067
251	6547	7860	7159	7171
252	6601	7901	7215	7221
254	6676	7993	7320	7323
256	6773	8097	7432	7428
258	6884	8180	7541	7535
260	6968	8304	7644	7642
262	7136	8371	7757	7755
264	7231	8442	7879	7867
265	7264	8497	7943	7923
267	7405	8548	8038	8019
269	7522	8615	8143	8115
271	7646	8686	8248	8219
273	7756	8735	8362	8329
275	7827	8826	8478	8439
277	8128	8856	8567	8547
278	8249	8874	8614	8601
280	8425	8931	8718	8709
282	8634	8973	8819	8813
284	8691	9164	8916	8916
286	8758	9348	9010	9020
288	8811	9508	9111	9124
290	8842	9739	9204	9228
292	8924	9832	9306	9327
294	8972	9955	9404	9426
295	8994	10047	9453	9475
297	9100	10105	9565	9575
299	9166	10222	9667	9675
301	9248	10334	9763	9773
303	9330	10421	9862	9868
305	9374	10572	9955	9964
307	9493	10625	10061	10066
309	9562	10739	10167	10169
311	9662	10838	10279	10271
313	9748	10900	10394	10374
315	9818	11009	10500	10476
317	9937	11058	10588	10570
318	9986	11087	10639	10617
320	10067	11171	10740	10712
322	10290	11203	10844	10816
324	10396	11256	10957	10920
326	10569	11327	11062	11026
328	10746	11357	11159	11132
330	10837	11430	11257	11238
332	10905	11472	11302	11284
333	10932	11506	11323	11307
335	10982	11602	11362	11353
337	11062	11628	11405	11398
339	11123	11677	11446	11442
341	11195	11723	11488	11486
343	11266	11763	11533	11529
345	11318	11818	11575	11573
347	11367	11861	11626	11621
349	11416	11927	11670	11669
351	11448	12001	11716	11719
353	11483	12062	11765	11768
355	11509	12162	11815	11818
356	11534	12183	11840	11843
358	11572	12230	11893	11892
360	11601	12305	11939	11941
362	11647	12333	11995	11990
364	11682	12374	12046	12038
366	11725	12415	12104	12088
368	11774	12443	12175	12139
370	11814	12514	12239	12191
371	11856	12564	12281	12237
373	11912	12720	12373	12331
375	11942	12923	12450	12425
377	12043	13000	12543	12522
379	12098	13124	12627	12620
381	12181	13247	12722	12716
383	12254	13334	12822	12811
385	12313	13459	12919	12906
387	12449	13514	13014	13007
388	12494	13563	13064	13058
390	12568	13675	13170	13159
392	12721	13726	13264	13255
394	12804	13809	13366	13351
396	12935	13886	13462	13448
398	13058	13935	13563	13544
400	13143	14024	13666	13641
402	13309	14062	13756	13731
404	13396	14130	13841	13821
405	13431	14193	13887	13866
407	13477	14259	13938	13916
409	13524	14346	13981	13966
